4119569.63686,550575.624674
4119569.91901,550576.082852
4119570.18881,550576.517149
4119570.49071,550577.000345
4119570.78068,550577.467496
4119571.05419,550577.904432
4119571.35688,550578.365886
4119571.66517,550578.86531
4119571.942,550579.300008
4119572.21799,550579.74935
4119572.4954,550580.218202
4119572.78124,550580.706375
4119573.07749,550581.203061
4119573.38646,550581.72407
4119573.69983,550582.269894
4119573.95808,550582.720082
4119574.21732,550583.181502
4119574.48924,550583.659999
4119574.83628,550584.270978
4119575.12239,550584.771866
4119575.41208,550585.284561
4119575.70462,550585.811435
4119576.00052,550586.341394
4119576.38104,550587.014425
4119576.69072,550587.561454
4119576.99598,550588.111762
4119577.30419,550588.660426
4119577.61172,550589.219149
4119577.91903,550589.771959
4119578.22505,550590.324776
4119578.52557,550590.884873
4119578.83676,550591.437067
4119579.13798,550591.99228
4119579.44034,550592.551182
4119579.74708,550593.102072
4119580.04794,550593.658026
4119580.3477,550594.215612
4119580.65352,550594.766804
4119580.95417,550595.317731
4119581.26076,550595.873207
4119581.55992,550596.423403
4119581.86129,550596.972699
4119582.16418,550597.528493
4119582.47166,550598.078195
4119582.77677,550598.632496
4119583.07876,550599.19214
4119583.3842,550599.741707
4119583.68871,550600.289505
4119583.99014,550600.849003
4119584.29819,550601.401068
4119584.60496,550601.955507
4119584.91303,550602.511712
4119585.2207,550603.062005
4119585.53116,550603.616274
4119585.83387,550604.17118
4119586.14096,550604.718815
4119586.45251,550605.268197
4119586.75573,550605.817925
4119587.05691,550606.365003
4119587.36601,550606.907894
4119587.67771,550607.452543
4119587.97719,550607.992682
4119588.28736,550608.529651
4119588.58406,550609.070102
4119588.88442,550609.604321
4119589.19123,550610.134804
4119589.49084,550610.666809
4119589.78854,550611.190544
4119590.08791,550611.713383
4119590.37874,550612.230506
4119590.66827,550612.74808
4119590.96427,550613.264137
4119591.25395,550613.77476
4119591.54749,550614.282255
4119591.83381,550614.788462
4119592.11901,550615.292015
4119592.40438,550615.792757
4119592.69396,550616.286968
4119592.96987,550616.783478
4119593.24833,550617.274502
4119593.52415,550617.755487
4119593.79962,550618.23958
4119594.0684,550618.719572
4119594.33216,550619.193975
4119594.66131,550619.780513
4119594.90931,550620.248209
4119595.14437,550620.716427
4119595.35222,550621.179781
4119595.58125,550621.751396
4119595.74639,550622.306539
4119595.88101,550622.829925
4119595.97682,550623.326781
4119596.04545,550623.884723
4119596.0686,550624.412182
4119596.06946,550624.953527
4119596.0411,550625.494014
4119595.97488,550626.043304
4119595.87617,550626.600628
4119595.71639,550627.241866
4119595.53406,550627.791265
4119595.32511,550628.343042
4119595.02107,550628.977016
4119594.76671,550629.418313
4119594.48456,550629.851348
4119594.18728,550630.287432
4119593.79352,550630.793301
4119593.43875,550631.202819
4119593.0573,550631.602887
4119592.65266,550631.990525
4119592.22038,550632.363396
4119591.76156,550632.719569
4119591.27841,550633.058735
4119590.77081,550633.359455
4119590.24476,550633.63648
4119589.69536,550633.874016
4119589.14146,550634.070028
4119588.57707,550634.21494
4119588.01116,550634.319788
4119587.44791,550634.377303
4119586.89514,550634.392759
4119586.34304,550634.365329
4119585.79291,550634.298849
4119585.25176,550634.187511
4119584.71407,550634.035635
4119584.18407,550633.841127
4119583.66064,550633.601923
4119583.14566,550633.322594
4119582.6399,550633.00713
4119582.13962,550632.651856
4119581.64909,550632.257042
4119581.26922,550631.906662
4119580.89734,550631.53213
4119580.53708,550631.122779
4119580.18447,550630.692828
4119579.84186,550630.2362
4119579.50889,550629.752306
4119579.18005,550629.247537
4119578.85291,550628.718508
4119578.53689,550628.164125
4119578.22906,550627.585886
4119578.0026,550627.135065
4119577.76947,550626.680439
4119577.52999,550626.215352
4119577.28702,550625.753096
4119577.03417,550625.279365
4119576.59868,550624.474619
4119576.33764,550623.99177
4119576.07508,550623.501537
4119575.81765,550623.0024
4119575.55561,550622.507431
4119575.28652,550622.006443
4119574.84341,550621.164479
4119574.58184,550620.655312
4119574.3184,550620.140537
4119574.05715,550619.622053
4119573.78925,550619.105086
4119573.52247,550618.590184
4119573.0796,550617.726334
4119572.81187,550617.207
4119572.54303,550616.686491
4119572.27526,550616.159912
4119572.00898,550615.635987
4119571.73695,550615.107807
4119571.28323,550614.223764
4119571.01173,550613.69144
4119570.73708,550613.159136
4119570.46365,550612.614699
4119570.1853,550612.08153
4119569.90689,550611.537714
4119569.4301,550610.63015
4119569.13908,550610.079904
4119568.84913,550609.525659
4119568.55917,550608.967422
4119568.25905,550608.411611
4119567.96057,550607.850911
4119567.45494,550606.91439
4119567.15347,550606.34942
4119566.84604,550605.776205
4119566.53712,550605.202999
4119566.23263,550604.627695
4119565.92144,550604.044743
4119565.40305,550603.076211
4119565.08609,550602.486787
4119564.76822,550601.900622
4119564.45069,550601.308983
4119564.13312,550600.710987
4119563.81411,550600.118765
4119563.28045,550599.131841
4119562.95828,550598.537864
4119562.63129,550597.942438
4119562.30689,550597.345665
4119561.9842,550596.756571
4119561.66078,550596.169995
4119561.1243,550595.205415
4119560.80505,550594.636706
4119560.48712,550594.07006
4119560.17573,550593.515203
4119559.86365,550592.969667
4119559.55018,550592.438482
4119559.03193,550591.583955
4119558.72201,550591.089125
4119558.40177,550590.600716
4119558.07715,550590.120761
4119557.73834,550589.649468
4119557.38851,550589.191402
4119556.77812,550588.451438
4119556.3987,550588.022236
4119556.00844,550587.603156
4119555.60416,550587.191848
4119555.19715,550586.786916
4119554.77027,550586.397482
4119554.04017,550585.768549
4119553.59314,550585.411176
4119553.12811,550585.074908
4119552.65912,550584.755079
4119552.16993,550584.458734
4119551.6748,550584.189929
4119550.83475,550583.78642
4119550.32293,550583.57154
4119549.80268,550583.398706
4119549.30234,550583.24675
4119548.78507,550583.109387
4119548.27785,550583.013219
4119547.42497,550582.904492
4119546.92031,550582.863908
4119546.39283,550582.842094
4119545.88658,550582.845289
4119545.22548,550582.8957
4119544.58001,550582.993778
4119543.94631,550583.111305
4119543.34045,550583.277462
4119542.73566,550583.467715
4119542.15591,550583.700256
4119541.59325,550583.94763
4119541.04602,550584.238088
4119540.52396,550584.564476
4119540.03514,550584.912844
4119539.57478,550585.290023
4119539.14776,550585.708849
4119538.75451,550586.144921
4119538.39653,550586.605327
4119538.06656,550587.080499
4119537.77303,550587.58754
4119537.52153,550588.106305
4119537.31022,550588.633257
4119537.13454,550589.183506
4119537.01417,550589.736231
4119536.94422,550590.310834
4119536.90902,550590.883157
4119536.9118,550591.466934
4119536.96057,550592.043483
4119537.05978,550592.612631
4119537.19617,550593.184956
4119537.36605,550593.761368
4119537.57286,550594.328094
4119537.8148,550594.894904
4119538.06863,550595.471401
4119538.32963,550596.071072
4119538.53762,550596.526444
4119538.75026,550596.986815
4119538.98398,550597.44839
4119539.22237,550597.91674
4119539.47164,550598.3797
4119539.72822,550598.860657
4119539.99719,550599.34006
4119540.2673,550599.825519
4119540.55057,550600.317257
4119540.83217,550600.807083
4119541.1273,550601.300968
4119541.42265,550601.802245
4119541.72446,550602.300821
4119542.02701,550602.799097
4119542.54888,550603.640739
4119542.85568,550604.138989
4119543.17345,550604.646785
4119543.49043,550605.146453
4119543.80595,550605.64953
4119544.12755,550606.150205
4119544.66068,550606.986455
4119544.97952,550607.489069
4119545.29759,550607.985477
4119545.61571,550608.490461
4119545.93377,550608.986869
4119546.25555,550609.484437
4119546.77937,550610.311574
4119547.09335,550610.803866
4119547.40455,550611.295731
4119547.71614,550611.791734
4119548.02453,550612.27711
4119548.33349,550612.765735
4119548.84333,550613.574177
4119549.14783,550614.059132
4119549.45008,550614.538186
4119549.74981,550615.029676
4119550.04818,550615.509641
4119550.346,550615.990496
4119550.83711,550616.789734
4119551.13381,550617.268969
4119551.42662,550617.745862
4119551.71466,550618.230472
4119552.01134,550618.705715
4119552.30597,550619.178751
4119552.7906,550619.97655
4119553.08339,550620.451076
4119553.37026,550620.925786
4119553.66034,550621.41068
4119553.9459,550621.881553
4119554.22953,550622.341052
4119554.66924,550623.07805
4119554.99995,550623.615636
4119555.3074,550624.130887
4119555.59525,550624.613723
4119555.85986,550625.045537
4119556.14297,550625.508883
4119556.4166,550625.964302
4119556.69434,550626.426497
4119556.97366,550626.875671
4119557.23893,550627.324929
4119557.50336,550627.756744
4119557.7917,550628.199208
4119558.08999,550628.664829
4119558.37593,550629.108196
4119558.69676,550629.601776
4119558.98927,550630.030759
4119559.28768,550630.486324
4119559.59697,550630.967404
4119559.93741,550631.464119
4119560.2348,550631.873702
4119560.55037,550632.293083
4119560.90239,550632.715497
4119561.28128,550633.118526
4119561.69032,550633.522113
4119562.12665,550633.912671
4119562.59074,550634.278219
4119563.08187,550634.62024
4119563.59617,550634.939203
4119564.12242,550635.21802
4119564.67012,550635.465359
4119565.2265,550635.679524
4119565.79558,550635.855165
4119566.37233,550635.983146
4119566.95729,550636.09215
4119567.54627,550636.163276
4119568.14143,550636.185123
4119568.73985,550636.166434
4119569.34274,550636.12125
4119569.94394,550636.041326
4119570.54455,550635.926213
4119571.15948,550635.791643
4119571.78221,550635.633662
4119572.41453,550635.440578
4119572.89859,550635.283285
4119573.38591,550635.115917
4119573.87624,550634.925315
4119574.36463,550634.719347
4119574.86351,550634.505478
4119575.36013,550634.285117
4119575.85961,550634.048177
4119576.36383,550633.800562
4119576.85808,550633.554338
4119577.66519,550633.125532
4119578.15474,550632.866767
4119578.65535,550632.6035
4119579.14451,550632.341336
4119579.63551,550632.077092
4119580.11502,550631.810847
4119580.74878,550631.456724
4119581.20487,550631.200084
4119581.65579,550630.944214
4119582.09674,550630.689735
4119582.66572,550630.357444
4119583.22643,550630.032449
4119583.7801,550629.706757
4119584.33322,550629.379294
4119584.88649,550629.048724
4119585.4453,550628.714425
4119586.0048,550628.373172
4119586.55788,550628.010664
4119587.09065,550627.622105
4119587.6059,550627.208958
4119588.09455,550626.770538
4119588.5389,550626.313605
4119588.93396,550625.839521
4119589.28435,550625.349144
4119589.58573,550624.855218
4119589.85623,550624.361626
4119590.08617,550623.856153
4119590.28222,550623.342308
4119590.44918,550622.820062
4119590.58592,550622.28395
4119590.69011,550621.745816
4119590.75596,550621.196527
4119590.79014,550620.639001
4119590.79024,550620.073251
4119590.75168,550619.504185
4119590.66559,550618.934075
4119590.55565,550618.363517
4119590.40548,550617.806657
4119590.22186,550617.252512
4119590.01645,550616.702344
4119589.79497,550616.156856
4119589.55592,550615.609404
4119589.29841,550615.067534
4119589.039,550614.516212
4119588.76143,550613.95864
4119588.4838,550613.392197
4119588.18492,550612.827657
4119587.87951,550612.252509
4119587.57206,550611.676338
4119587.25566,550611.089426
4119586.93354,550610.503732
4119586.69009,550610.054639
4119586.28028,550609.307408
4119586.02042,550608.865808
4119585.75472,550608.438438
4119585.46911,550608.019321
4119585.0811,550607.483855
4119584.66943,550606.980768
4119584.24047,550606.523181
4119583.80586,550606.109988
4119583.35635,550605.74169
4119582.90709,550605.412576
4119582.45615,550605.112602
4119582.0054,550604.844123
4119581.54652,550604.608521
4119581.07977,550604.384499
4119580.61114,550604.155905
4119580.14619,550603.893722
4119579.69207,550603.588001
4119579.26619,550603.243811
4119578.88275,550602.853229
4119578.55616,550602.445745
4119578.14798,550601.693475
4119577.95935,550601.135367
4119577.86132,550600.578636
4119577.83162,550600.035984
4119577.86925,550599.499729
4119577.96838,550598.980849
4119578.11788,550598.475712
4119578.31813,550597.982987
4119578.5619,550597.503604
4119578.84268,550597.027695
4119579.15441,550596.532672
4119579.48542,550596.016092
4119579.81313,550595.441419
4119580.04514,550594.943327
4119580.25395,550594.399388
4119580.43037,550593.819563
4119580.55235,550593.226758
4119580.61461,550592.633425
4119580.61896,550592.06617
4119580.56369,550591.516723
4119580.45402,550590.990375
4119580.29689,550590.505273
4119580.08416,550590.030117
4119579.8197,550589.591797
4119579.43882,550589.10538
4119579.08296,550588.750121
4119578.38479,550588.233083
4119577.8426,550587.949036
4119577.27714,550587.7296
4119576.70396,550587.579858
4119576.10441,550587.443286
4119575.50887,550587.295896
4119575.02759,550587.147227
4119574.55281,550586.97205
4119574.08771,550586.745651
4119573.64896,550586.474438
4119573.16404,550586.089346
4119572.77871,550585.66166
4119572.46367,550585.20649
4119572.22322,550584.734606
4119572.04747,550584.25834
4119571.92087,550583.68374
4119571.8704,550582.917338
4119571.9235,550582.339143
4119572.05394,550581.769206
4119572.33538,550581.035556
4119572.56503,550580.573706
4119572.80078,550580.081803
4119572.9971,550579.55169
4119573.17325,550578.987246
4119573.32642,550578.38538
4119573.41915,550577.878515
4119573.478,550577.364461
4119573.49615,550576.847251
4119573.47326,550576.330879
4119573.40882,550575.824221
4119573.29561,550575.323475
4119573.16387,550574.818553
4119572.88804,550574.150806
4119572.60041,550573.671812
4119572.2845,550573.257311
4119571.93855,550572.890753
4119571.49816,550572.530383
4119571.0253,550572.243699
4119570.51474,550572.02201
4119569.8886,550571.860459
4119569.34734,550571.823053
4119568.80235,550571.871285
4119568.269,550572.010535
4119567.76964,550572.237564
4119567.30772,550572.540667
4119566.90152,550572.91471
4119566.56339,550573.354588
4119566.30105,550573.853158
4119566.11106,550574.390626
4119566.0139,550575.053077
4119566.01759,550575.634332
4119566.07183,550576.13706
4119566.1624,550576.654208
4119566.30824,550577.168213
4119566.50147,550577.690067
4119566.73022,550578.21703
4119567.01191,550578.751659
4119567.25237,550579.196631
4119567.50254,550579.65574
4119567.7684,550580.111059
4119568.02233,550580.550478
4119568.31377,550581.078099
4119568.56839,550581.569269
4119568.84674,550582.073161
4119569.13076,550582.534728
